0.1333009870688526	0
0.15046833876176627	0
0.1738746973129394	0
0.1531622618474316	0
0.1642598515272222	0
0.12380802420272914	0
0.16056544549224044	0
0.15796772923720273	0
0.1237090281028098	0
0.22481219677027994	1
0.15173957165545598	0
0.16099528880634903	0
0.39807734576588555	1
0.15454845391261277	0
0.0830862474485838	0
0.1708038184743481	0
0.17868614230226676	0
0.17285030311561891	0
0.22215126530594362	0
0.16414537349478345	1
0.18943224155523974	0
0.20868311380585552	1
0.19326796213562492	0
0.21816068537581243	0
0.17661751539772558	0
0.192144640872657	0
0.1336849859874756	0
0.1467871732418888	0
0.16299915194150655	0
0.18736720896906225	0
0.15566225297753328	0
0.08843288363744846	0
0.1285265920079623	0
0.9189085454199194	1
0.1101080045287044	0
0.06658163794499997	0
0.16487460271260673	0
0.1507264336114289	0
0.19066163680623888	0
0.17093707563769647	0
0.26736665983522107	0
0.16152361238418517	0
0.14770788604148571	0
0.12851648157922588	0
0.16822370245277699	0
0.16674986870688052	0
0.378366724967825	0
0.16876148466764243	0
0.14420701995885815	0
0.15777180924191272	0
0.1546271177690856	0
0.10662470090566116	0
0.10493395535886242	0
0.16263337596421223	0
0.13810050293044787	0
0.09043948541711587	0
0.10522568546369525	0
0.08517705302931912	0
0.13505537865253156	1
0.13045952371430503	0
0.1293498221549963	1
0.1520326514317492	0
0.129381679259831	0
0.15350897191342497	0
0.1214000337578428	0
0.11147478320970026	0
0.15561887698206295	0
0.14725738462700697	0
0.10970418416791106	0
0.13433615628119677	0
0.16093256414506824	0
0.16097518414971862	0
0.14477385810851315	0
0.12000538191319421	0
0.17861808452587083	0
0.15269935960754003	0
0.1770217222732186	0
0.17314102953038055	0
0.18670943381204028	0
0.12010403711397255	0
0.10152045130781275	0
0.11439419406088125	0
0.1481953042003954	0
0.16729185650471454	0
0.16536693445566614	0
0.1277002267115175	0
0.6485572670773484	1
0.18255757120473104	1
0.2124101816491725	1
0.2020770829225427	0
0.13605929618747778	1
0.2708408096232571	0
0.13426442943033895	0
0.16286790421245997	0
0.16959407420452643	0
0.1076404161091841	0
0.13877756388406196	0
0.12573605412850047	0
0.12075454132335042	0
0.14173552483877763	0
0.11034809057194044	0
0.10276543087471683	0
0.15687185760369707	0
0.11745612493251893	0
0.10652488018498127	0
0.10978020727610827	0
0.27401039000758515	0
0.16727596565535865	0
0.06923352919520145	0
0.21631854072240186	0
0.16587863982728274	1
0.20593887568908825	0
0.14234432365418295	0
0.17908151645156578	0
0.11908965885380197	0
0.1681547093297364	0
0.17499501489698088	0
0.13237576954618624	1
0.1285538294379533	0
0.13634048568567775	1
0.11183069784377006	1
0.1089156702228628	0
0.19339942379987657	1
0.18824049521818476	1
0.21504940466882266	1
0.19863069302240835	0
0.24104466150862025	0
0.192098683846717	1
0.12612500522190193	0
0.14244400142803745	0
0.18825125000832144	0
0.17704688822571357	1
0.20273936860237596	0
0.13850676081598812	0
0.20465954192239952	0
0.1499397759354313	0
0.19800273102221222	0
0.23744314645679052	0
0.2197672087210036	0
0.226783848864324	0
0.19989464809785337	1
0.224571410833	0
0.16695655111539126	0
0.20317403703690542	0
0.22647620178417774	0
0.22269295228058064	1
0.27548614843173547	0
0.24948014272056876	0
0.15802231507459977	0
0.33546059347860036	1
0.1849752315093267	0
0.16918629428257864	1
0.23653689950822848	0
0.1706229408399756	0
0.1121164201476466	0
0.09400311388480963	0
0.09358317249047823	0
0.13320658027930055	0
0.12696536907903924	0
0.21139660901971882	0
0.1993373475425502	0
0.179259660725261	0
0.215077637840772	0
0.09046024258820018	0
0.11738343993493314	0
0.1935365291117554	1
0.21177296243396276	0
0.1504927773435313	0
0.19180052662326957	0
0.20627393525471002	0
0.18260808217574984	0
0.1340546065880214	0
0.1700363750566106	0
0.14055197527668453	1
0.3068036032730252	1
0.16112674909589647	0
0.26906211463726315	0
0.19416866957551596	1
0.14300895526154989	0
0.31811478123335696	1
0.08161643175567079	0
0.2106816754650048	0
0.32767746022372274	0
0.20700854979145528	0
0.18531324166360072	1
0.1669211368455782	0
0.19893604678783983	1
0.21118313106749761	0
0.22264831447126043	1
0.14972160752548053	0
0.23035220655271055	1
0.23312488880503954	1
0.19004691455168024	0
0.1871910924443286	0
0.1987340320798331	0
0.1500278351318226	1
0.21029789708896113	0
0.26892237529849683	1
0.41325522776162704	1
0.2914216210831232	0
0.41873573962746485	0
0.14806941851541583	0
0.7418233116741613	0
0.13894414237511885	0
0.1357844187577235	0
0.12522262478853396	0
0.09392728817046282	0
0.13729362603094647	0
0.10417445261317815	0
0.13724831352672368	0
0.16823931171277964	1
0.20071400876814216	0
0.20649452494938647	0
0.10709002241024353	0
0.11199759900727509	0
0.13413049079621256	0
0.20980971080015778	0
0.14593770408049295	0
0.2268524840206462	0
0.18232009934446314	0
0.1715106420955682	0
0.15758925859963552	0
0.14000189756194828	0
0.18305880925262302	0
0.15250644558488252	0
0.16720791008908126	0
0.17808274707704383	0
0.2275134359222715	0
0.15149271919142576	0
0.1861195263752194	0
0.161691839652227	0
0.11098079031750162	0
0.12637985240762062	0
0.1682515062523497	0
0.15922317692967122	0
0.12071649528758084	0
0.16544453615839516	1
0.16546091120182913	1
0.27729558339983706	0
0.1667986176001924	0
0.22359065347575133	1
0.17376913500620536	0
0.22892416405370855	0
0.22084820885602713	0
0.1453412588187146	1
0.169136111114895	0
0.2184573061982094	1
0.14132533008174675	0
0.12898270360017464	0
0.15852811190963323	0
0.1947353768837031	0
0.15822442811236526	0
0.8486721805581569	0
0.2827055708123693	0
0.12936453849267185	0
0.16366192037220012	0
0.1408697337313422	0
0.17738506318168193	1
0.14994621411924677	0
0.19228961798700836	0
0.16057785008846917	0
0.11856208997621072	0
0.17651828877386072	0
0.2978595003892788	0
0.17740719986256367	1
0.1597473399387535	0
0.15216374586534437	0
0.1694327678125208	0
0.5692461499807782	0
0.12039177987595653	0
0.12041541236500349	0
0.17182555461211585	0
0.1218897084972392	0
0.13161187114988931	0
0.14847085222017095	0
0.15048222002698486	0
0.12364125765651689	0
0.1404207774754729	0
0.12047477956289021	0
0.12790139907606454	0
0.16325975318617603	0
0.16492796681857735	0
0.1237926803607841	0
0.8180353201022124	0
0.17940338877344955	0
0.23627833214780075	0
0.20941324904711334	1
0.1786210889706253	1
0.18073614598540885	0
0.3585540167723835	0
0.10378577914571369	0
0.21117037679348327	1
0.12730888314700986	0
0.17730500634068133	1
0.16535628093574398	0
0.20412308135483825	0
0.1500284806950061	0
0.14431724654488035	0
0.12966777309186284	0
0.13143854259690785	0
0.18642097468830326	0
0.2181593503505067	0
0.15335390384046	0
0.15438336837193037	0
0.16187699824895715	0
0.23729299946214089	1
0.2328462850997526	0
0.20734443029778943	1
0.20558443096210258	0
0.153800619989055	0
0.1673151062507152	0
0.27638791680175523	1
0.3185542190635467	1
0.17831650773158272	0
0.19738467386662767	1
0.22824404478824092	0
0.177224851168922	0
0.1693784789687623	0
0.22708407300279576	0
0.2161635476115885	0
0.16977045562984902	0
0.13054649546801186	0
0.17872510651892554	1
0.14178440041775847	0
0.20016765106610165	0
0.16526777145432792	0
0.1512961419892339	0
0.24237825847734526	0
0.15924523448345965	0
0.15565751637548741	0
0.18956567436365915	0
0.13249346110283547	0
0.3401915072644465	0
0.17069463975232843	0
0.17800352014717452	0
0.1990075343252776	0
0.2276655670278597	0
0.19956494140289904	0
0.22011696574515915	1
0.23862690159675837	0
0.14715879457496847	0
0.16603342415775738	0
0.16963233097052152	0
0.14548154814903647	0
0.13558268573961593	0
0.2719136084874061	1
0.18323925805646202	0
0.14461895809947262	0
0.23197580434543533	0
0.29078999187392024	1
0.14239102379385768	0
0.25222594283839983	0
0.4847269533637841	1
0.32074576589311227	0
0.10262996765569968	0
0.1384536588335827	0
0.14918958900682255	0
0.1769760172002954	0
0.2075110804044569	0
0.21954823708566	0
0.16395794362938046	0
0.26010657614480015	1
0.1801365051842006	1
0.34475198714099725	1
0.19407440432583922	0
0.1458620207828833	0
0.1561187817992752	0
0.9194984287337762	1
0.19583891050774388	1
0.15818598739928433	0
0.17369084905285445	0
0.18978209628234832	0
0.1316721211517851	0
0.10539471055064317	0
0.13002588655082936	0
0.17055122836641484	0
0.14963733883984615	0
0.17506745292146703	0
0.1313641518443241	0
0.11748864870457268	1
0.16113497856286274	0
0.12086839695427694	0
0.15115095994605807	0
0.13744833783958615	0
0.17926043450330037	0
0.4529575624596734	0
0.18737934558671315	0
0.2640332774474619	0
0.2273912423448047	0
0.2702567424626032	1
0.29688600356010025	0
0.31823506039129273	1
0.16854348486001447	0
0.1561211579789637	0
0.23010343169627795	0
0.21384985864356448	0
0.2752537377010885	0
0.1763945593752694	1
0.2745959504700622	1
0.22311768488810682	1
0.33575668802722436	1
0.2039458770848814	1
0.18923701354224692	0
0.21267584831709446	0
0.15693140790133733	0
0.19963616017551275	0
0.17511863893862753	0
0.33166534076984777	0
0.22698072140014988	0
0.21865247493386705	0
0.18411243298325047	0
0.17291072099386812	0
0.14267542153015117	0
0.1821755667235546	0
0.1941938136915858	0
0.1855294806383077	0
0.17540891769259676	0
0.2191742329389079	0
0.22084863772269023	0
0.1901219405601896	0
0.25975130091764703	0
0.20892178524482896	0
0.15612736466605845	0
0.2056699450940758	0
0.21597881634124713	1
0.23750466049879956	0
0.15832226228865043	0
0.21878566006205158	0
0.1571284686220244	0
0.1257313911280602	0
0.07912830034746156	0
0.08965756641867484	1
0.10571576436124608	0
0.1973249265448135	0
0.21293348196866205	0
0.19201713375352197	0
0.16444539478252948	0
0.10664248457831768	0
0.16682786328514218	0
0.16007553650913547	1
0.6730988553172609	0
0.1845691222172358	0
0.25519961920852663	0
0.13810995914420268	0
0.13238112824143852	0
0.200902591438889	1
0.16669285270930945	0
0.28273711187824935	1
0.41574452658240385	1
0.24832707892200045	1
0.15874068684911816	0
0.2155592214644675	1
0.15038922635215812	0
0.38583308000141314	0
0.18225237726461138	0
0.2736518875180824	0
0.2723328524997048	0
0.19840539077912236	0
0.18723463276837912	0
0.31399579078080686	1
0.2740466539530785	0
0.31668085643209537	0
0.14918871427075195	1
0.13855977573744507	0
0.16721215038896087	0
0.12335184634544899	0
0.14197727433627047	0
0.13222391376479456	0
0.15809433238873127	0
0.14508194369129518	0
0.15815813718357813	0
0.15078367881368676	0
0.15311508011991018	0
0.10665247975372398	0
0.14845073380811122	0
0.205169027711244	0
0.22394406193098923	0
0.17428088676817152	0
0.18896464306255847	0
0.13754454839067734	1
0.17987001562249028	0
0.5120216051207402	1
0.15072181356165007	1
0.20095786669969598	1
0.12004653363155869	0
0.20535999865519589	0
0.273816800116599	1
0.0879681958019026	0
0.2779220724115594	0
0.14507273891371922	0
0.16626161670711748	0
0.09542450805919002	0
0.12033340471451064	0
0.10976058632960481	0
0.1318666034548699	0
0.2264181815692323	0
0.13323694728644792	0
0.267831051494855	0
0.2776249837328749	0
0.35467330431315636	0
0.3417722999576195	0
0.20650749134018118	0
0.5229250878618428	0
0.18720060443957676	1
0.39484107085358777	0
0.32242879150651205	1
0.3342184882688823	1
0.3282672568045888	1
0.20302219702750185	0
0.36906071845753596	1
0.23159069658088094	0
0.14848769305404935	0
0.16935780281992985	1
0.9500569027853583	1
0.182888341619398	1
0.26051277283736607	0
0.4067541746712416	1
0.39316316509815663	0
0.46857174133227675	1
0.6571388863469624	0
0.3656371007766955	0
0.3327843575379043	0
0.18224345184398136	0
0.3554081928704695	0
0.1262166079754041	0
0.15880105366596187	0
0.19028549903632797	0
0.12218304927665476	0
0.14127503819820642	0
0.1296583349214623	0
0.12358549394114357	0
0.14345968309200827	0
0.08895303250858635	0
0.1499076991865046	0
0.1341278036554653	0
0.15899672281514393	0
0.34893375933165344	1
0.366326780383876	0
0.2581729683671123	1
0.2723395208489912	0
0.4752840326889932	1
0.21811986401571667	0
0.25943933087846577	0
0.1648049622567852	0
0.2222461077658465	0
0.338557066714701	0
0.399524726454977	0
0.6368194478184463	1
0.35777745451662885	1
0.24589704276110264	0
0.2590701436879893	0
0.36016588409873	0
0.5401870403001272	1
0.13769351919033115	0
0.26080040906151214	0
0.3276071283511926	0
0.2947547437244423	0
0.2743452667061015	1
0.30892064271422326	0
0.3481962808572499	0
0.29444065791005686	0
0.28476914483925625	0
0.24993887841265508	0
0.31896011074853425	0
0.1849104540697325	1
0.23937010796269534	0
0.20573150909192145	1
0.2656817221181228	1
0.4020169758704369	1
0.24055737645829345	0
0.2914898567833719	0
0.2238702002073809	1
0.25492202238134876	0
0.1613440825665921	1
0.16395026407310218	0
0.14275753133957164	1
0.2168108485696496	0
0.1811234749456326	0
0.2250184218696149	0
0.1904425312073836	0
0.2345587706806827	1
0.1495847599831705	0
0.1558445310099141	0
0.10812167971788254	0
0.15040042188776606	0
0.16739377446886644	0
0.18589115872282655	0
0.17570102174564228	1
0.1711770143800375	0
0.1488394590722293	0
0.08725317172475172	0
0.12793007796753816	0
0.08988793868742692	0
0.18733906213476684	0
0.13821585377804113	0
0.1272326259080262	1
0.13400856957130505	0
0.17235637830028291	0
0.16655128020152143	1
0.1756409669910013	0
0.19496965984572842	0
0.14780926595538993	0
0.1517045744122243	0
0.7800597544592555	0
0.773051347276253	1
0.7259987248013497	1
0.7315329046112784	1
0.8231335458335903	1
0.5793766169516851	1
0.8311134519314136	0
0.5818025858458886	1
0.4072544287399259	0
0.5226395263103571	1
0.38727911020331535	1
0.6260851541441751	1
0.5074552866712434	0
0.35667300427421356	1
0.5764963051624095	0
0.4355753125149838	1
0.2495073189301508	1
0.1648311145830273	0
0.19848011124745002	0
0.21068506405368506	0
0.2108331496564101	0
0.15472052444634662	0
0.19084490432738802	0
0.1915073258381914	0
0.4119595423165052	1
0.1359426466081591	0
0.2067231713124241	0
0.24487098584683892	1
0.1740931865589342	1
0.4017801664418008	0
0.21482910605812527	0
0.15870793642051662	0
0.18587791531121406	0
0.2658236328933287	0
0.3384981586544323	0
0.40360085580714633	0
0.18783780578487624	0
0.4351866679124632	1
0.21463826111538653	0
0.19788911602780232	0
0.2140496923397794	0
0.21503087260039083	0
0.17080962225462434	1
0.20029178573682532	0
0.2157221795513227	0
0.1519770162752609	0
0.12743865867377416	0
0.1145210685350946	0
0.17531155190442113	0
0.1355927307165888	0
0.15826671478049592	0
0.1576939993413268	0
0.11593287061693008	0
0.1841937818040507	0
0.10179830680213887	0
0.0994685201863111	0
0.14288045789265963	0
0.13306987961255828	0
0.21334107724512644	0
0.12046551957669475	0
0.15549629209589141	0
0.12495581204428685	0
0.16278739869054903	0
0.17132756981464342	0
0.20855288217714169	0
0.12447998195103663	0
0.1295036336972216	0
0.11262672011476595	0
0.16804483068342468	1
0.12733108306556487	0
0.20434176185672692	1
0.15777327560656043	0
0.21410708153896751	0
0.19863914564236632	1
0.6998524151591023	0
0.0749229307835651	0
0.23338680357318403	0
0.15677572800058023	0
0.2729279686432217	0
0.30354548422964683	1
0.19561497867054187	0
0.1984844970564497	0
0.2086101558370178	0
0.16934843384768872	0
0.1451824620399646	0
0.24806011890991378	1
0.16335706203804115	1
0.3362051892294816	1
0.18989050886479616	0
0.2302665740213119	0
0.1504879760211233	0
0.2665864818052146	0
0.1882398683790751	0
0.1811052168276714	0
0.12840067458528034	0
0.34022865871957975	1
0.619997048309845	1
0.2364696900521705	1
0.15359100322531974	1
0.5610383414526199	1
0.1858038528608661	0
0.226903154425761	0
0.1553135399361086	0
0.1707953971178881	0
0.2024116235045784	0
0.1938389909648812	1
0.21524751117424462	1
0.41683658784664895	0
0.28430020425637625	0
0.17199415643989052	0
0.16108770518545448	0
0.3649932547526964	0
0.17434960014412204	0
0.23642529171033466	0
0.2162439804309115	0
0.15508090928132676	0
0.2386042107419473	0
0.189209109361317	1
0.690095977259066	0
0.16289784614362599	0
0.1405407118246287	0
0.19323827202326432	0
0.1603800089865108	0
0.16936822391435222	0
0.18915853009530592	0
0.15265513288214266	0
0.15930771795076365	0
0.2534521832601562	0
0.384123721917391	0
0.21561005747158404	0
0.12196509180706082	0
0.16598871445249685	0
0.150577116596592	0
0.1102119343322527	0
0.1503312552684429	0
0.11858624296924601	0
0.1172712925417419	0
0.13723751817214278	0
0.24386877759859032	1
0.18377967362166434	0
0.15957730675597853	0
0.17876239747457032	0
0.10157265852288595	0
0.14189810936152608	0
0.11458652661847685	0
0.1053038327498672	0
0.09930674236354553	0
0.1206045548749862	0
0.9127786241332697	1
0.12099354570001533	0
0.1505925512175043	1
0.14534551085002212	0
0.14115542242713153	0
0.13438758191471817	0
0.15752422956491263	1
0.18261434521447836	0
0.2516146320648493	0
0.14356570225701978	0
0.13391363991967603	0
0.1448207177491659	1
0.2152679614056735	1
0.1631002941815127	1
0.1508439446809649	0
0.17069166948407707	0
0.2088007656801691	1
0.20633323123798686	0
0.23634554113060638	0
0.2054727739090494	0
0.316672510383829	0
0.5654532823956312	0
0.23855031776863658	0
0.1613898427766873	0
0.28754199270511444	0
0.0942283105803221	0
0.1459277585200049	0
0.3621964157709605	0
0.39628035967897046	1
0.43105459521083805	0
0.31799572010815075	0
0.3438987698675107	0
0.3396391841057093	1
0.2347892024608848	0
0.27613349786430014	0
0.2886624388751729	0
0.30670342351128665	0
0.36051009462612715	1
0.3214980130844464	1
0.39920671796753615	0
0.27573423768575706	0
0.3647162263552565	0
0.23029784336108605	0
0.17097702708681634	0
0.2564839074961838	0
0.3820044280947844	0
0.2711958332806199	1
0.18613414817918322	0
0.5712829251626151	1
0.19783148662419323	0
0.4393704570560045	0
0.20232602338111774	0
0.1918319924688112	0
0.29119811349115526	0
0.13193042628713042	0
0.1553081518279787	1
0.2373770896952524	1
0.15408893190542106	0
0.3953103705675628	1
0.6476553977821525	0
0.5557920667734133	0
0.25810577452170574	0
0.5813535905850608	1
0.18395289191317463	0
0.17530997980755272	0
0.19203555665330713	0
0.16078584925153186	0
0.1870273979999979	0
0.1371890888348367	0
0.14667179828840513	0
0.2106378807274423	0
0.09738285184768398	0
0.15133892390374457	0
0.19911241901330168	1
0.23115178451259621	0
0.21989851730667767	0
0.1890967988425154	0
0.15546136097204571	1
0.2271630390715146	0
0.24027224504750652	0
0.21001378747655866	0
0.6055921784106959	1
0.20895944612457024	0
0.2189530024524455	0
0.21697002391671033	0
0.19805125544785349	1
0.27395743206160755	0
0.17903411233698244	0
0.5347417787743632	0
0.5394796742726722	0
0.20304535851602853	1
0.4570949306987147	1
0.22527466653188863	0
0.36824276645844994	0
0.33903667412195143	1
0.3217219694623101	1
0.19808457803761734	0
0.19340565501566687	0
0.24802829019536224	1
0.3065959156286882	1
0.31108658052381516	0
0.35785286695839746	0
0.2256104786445715	0
0.46033021130382024	1
0.2382845759562802	0
0.24354980033497897	0
0.22032222226475995	0
0.20238458359267059	0
0.8288902465874065	1
0.3013693317039214	0
0.31659976421185076	1
0.3867965924149382	1
0.1183458057106526	0
0.15850921153347358	0
0.14304656054436718	0
0.27810359007049923	0
0.13957163251082624	0
0.16604954310050266	0
0.21082474570012263	1
0.20777289822532635	0
0.23432648674274462	0
0.14137093414383678	1
0.11174703510187288	1
0.23056118215328042	1
0.7844495928916525	1
0.1148164547713294	0
0.3008619633893848	0
0.17125477923362784	0
0.34262872108323666	0
0.15967960819012367	0
0.12031600910770836	0
0.26512112656955344	0
0.15725255223161952	0
0.1719399157192536	1
0.09422556992641806	0
0.12949304519574886	0
0.12014117312927033	0
0.16886058245501537	0
0.12960263842286787	0
0.29626866650665884	0
0.2368961824479529	0
0.11742596257099197	0
0.1515642328083854	0
0.12684624521681673	0
0.08017585541564314	0
0.10409051153286018	0
0.15090907829867292	1
0.13631335675663997	0
0.1676554403886215	0
0.1455064363588924	0
0.18949366396107403	0
0.11593227875921211	0
0.9078095609779477	1
0.06737836968923992	0
0.12405288374565522	0
0.19694210528300016	0
0.1256641202184524	0
0.20956727190575358	0
0.1672082485748447	0
0.23487426966608616	1
0.17375059528216577	1
0.20292494748759074	1
0.12863087134490866	1
0.19129448012399772	0
0.13659969264397373	0
0.16140271623397032	1
0.2594062427014208	0
0.5621469618183975	0
0.4130943041282899	0
0.13914192323765218	0
0.49103884838791423	0
0.607935363595304	0
0.1670450600496733	0
0.1252852963564732	0
0.19885674934034644	0
0.14368712782601786	0
0.12189198875123249	1
0.4804567835058745	0
0.1689584552816168	0
0.16602494492594258	1
0.2357362364104463	0
0.35130944914318724	0
0.2768236386104293	1
0.31051739011974383	1
0.2085281173771731	0
0.14920686278769973	0
0.635398104742408	0
0.10628669228849706	0
0.2982118553945579	1
0.243982940285082	0
0.24930222336116356	1
0.19057693886711347	1
0.24775709112278585	0
0.2575683727094725	1
0.22690879463585115	0
0.13954978595883466	1
0.22949366005249464	1
0.2735186294712343	0
0.17267428550779848	0
0.43321430197584093	1
0.31616784308686774	0
0.20110130655372963	0
0.6412778838646067	1
0.5153186358802128	0
0.21890255826107297	0
0.15161585545894926	0
0.2562075963492473	1
0.38751723467698973	0
0.28137742618049644	0
0.17323204942743348	0
0.2205995962270129	0
0.1837536710001988	0
0.3573890502281346	1
0.3071673056045642	0
0.1798863782448282	0
0.18133527273216765	0
0.1566745941121149	0
0.11426798363339152	0
0.3305672357277851	1
0.3468194335915705	0
0.7217846874305764	1
0.14575756949216342	1
0.15616815329500586	0
0.4093393849230124	0
0.10871123169521667	0
0.8848748341127853	1
0.16390500172884873	0
0.16448673419644333	0
0.18482955314273988	0
0.2715971812303524	0
0.27173164673439465	0
0.441379753577771	1
0.421438737630196	1
0.49024069036916074	1
0.41711573281873715	1
0.2802812130910734	1
0.4390162541541367	0
0.3327417785883384	0
0.7969919086886403	1
0.4734239788050148	1
0.2803860963502527	1
0.8835066369788084	1
0.5515102480172095	0
0.3528204927402873	0
0.21465612763545275	0
0.6721845355133452	0
0.6536715845398504	1
0.5567977480592841	1
0.959182306416356	1
0.5339811423667679	1
0.6163683067539288	1
0.6222730866967903	1
0.6006312313697225	0
0.6285067669477976	0
0.22660009075803939	0
0.14221218814393136	0
0.1797915726453476	0
0.16494179945361895	0
0.14225816124578633	0
0.21663566242402812	1
0.14495753215908258	0
0.12865885317257883	0
0.4679901635084688	0
0.29381257232403274	0
0.341500892188521	1
0.579950748109684	1
0.9307499493794269	1
0.29429513766237436	0
0.38865991928285093	1
0.1466167280560381	0
0.2769574906400532	1
0.2727355018347453	0
0.22585105309841838	0
0.20385520976537322	0
0.2847116322220357	1
0.19085077421984536	1
0.17190123597901866	0
0.8177869811079792	1
0.18434162800806278	0
0.15340299822743772	0
0.22075333775549677	0
0.1690200572491732	0
0.2409931936194735	0
0.3620206298135759	1
0.22016408408220192	1
0.16384564166615476	0
0.1643843045293158	0
0.4333361753480122	0
0.16016777936197174	0
0.25136866596544954	0
0.17346049351798953	0
0.16915486340100877	1
0.2475965491047968	0
0.2778085122102379	0
0.17260189791982067	0
0.13044738629522362	0
0.19818768930493785	0
0.14974187808639966	0
0.1305812806838022	0
0.2815687671220524	0
0.151543940705834	0
0.2073379352580392	0
0.24412598427910742	0
0.8182689255654938	1
0.24986561076963587	0
0.12944077336990473	0
0.21924367569768008	0
0.2443673808654481	1
0.1679309142730671	0
0.33759216621597726	1
0.3111271434651159	1
0.1540901869031799	0
0.4601457616000568	1
0.4257033857127102	1
0.2789223007156334	1
0.7970344968947076	1
0.903475185787034	0
0.820639406846943	1
0.4406928794802055	0
0.4640364841359295	0
0.37868441764541405	1
0.28840350446963015	0
0.20556887947591526	1
0.5554020538632649	1
0.5655658178631163	1
0.2775906391090474	1
0.4130828103745234	0
0.43040520813795324	1
0.4527393265414061	1
0.37203524628616924	0
0.4423265553634671	1
0.1470897533271396	0
0.17331901511535794	0
0.10677247956083842	0
0.5657789372679668	0
0.4771060589254718	0
0.27521861484542665	0
0.3357792085569014	1
0.26268660904271246	1
0.2134644639565912	0
0.28212518892839605	0
0.2714324862766868	0
0.2631242862944651	1
0.5598161211644082	0
0.549675309477508	1
0.6403684687991543	1
0.18477184937380242	0
0.2674461180263946	0
0.5057422139148846	1
0.37008007998703824	1
0.24951322074330096	0
0.3659733872734438	0
0.6549103066057345	1
0.1998888244553743	1
0.1509744333234328	0
0.15361092892523992	0
0.1728325688034163	0
0.18262522423917427	0
0.11405400826511884	0
0.09107766223195464	0
0.17884486931527138	0
0.8084950999363474	1
0.14054716866597047	0
0.19628341281872588	0
0.151802384070567	0
0.16004909328153824	0
0.21010751738231195	0
0.13405107928720977	0
0.19384118946702908	0
0.201546580927686	0
0.16138730781096647	0
0.1713246447727235	1
0.1968729595362632	0
0.13932139676335548	0
0.21205238985652838	0
0.238146553836472	0
0.17290105792530314	0
0.17862110015738997	0
0.23071159427151355	0
0.23554983480578198	1
0.20385318892702814	1
0.1774566317662062	0
0.17778132996824716	0
0.20993320301157048	1
0.2905095537339579	0
0.1676918860751796	0
0.22264213199892832	0
0.21202125989624643	1
