0.16452604123307843	0
0.15878965528055916	0
0.1562601040582379	0
0.12994177248863706	0
0.14504753289546593	0
0.1196989207069232	0
0.13890558774153372	0
0.18359428567008992	0
0.18232738651500865	0
0.14895820142121985	0
0.1785121393421924	0
0.16954575168018302	1
0.2011943835104382	0
0.1716115358882449	0
0.21223277295837878	0
0.16419212569199243	0
0.1256609848271916	0
0.16593436434145029	0
0.15594729637806037	0
0.15280974725776583	0
0.10922317700203119	0
0.10810048047281628	0
0.11150515681558239	0
0.14749707828378503	0
0.11130881662512104	0
0.1325932418348351	0
0.1640654981796135	0
0.14840133392780364	0
0.16484476933406614	1
0.14019910160323118	0
0.1618798902550778	0
0.17439068404287994	0
0.13088684737361153	0
0.11648290424227593	0
0.1354209991528121	0
0.17484036056497568	0
0.18970174007055968	0
0.13695740606502602	1
0.14051091914520777	0
0.14620965891131235	0
0.13570991351979392	0
0.1230979597079079	0
0.1438842602992989	1
0.14238084805763823	0
0.1584112509692627	1
0.1460634141484571	0
0.15542826649724367	0
0.17228860384811395	0
0.16910770025422853	0
0.1948102006822563	0
0.14636064681444488	0
0.22088019171970227	0
0.15623429403513214	0
0.12799083481833073	0
0.1998158975062077	0
0.16075037115757398	0
0.14163133011847112	1
0.17271835501045577	0
0.13357075961890263	0
0.10045995980869638	0
0.21859296948253332	0
0.16864808054883781	0
0.23308072937901866	0
0.14422504882977424	0
0.14749790596429538	0
0.09758195403823147	0
0.12138296458639058	0
0.15593598444740822	0
0.1568992263975067	0
0.1625898982036298	0
0.1526729261715873	0
0.1503430841934697	0
0.1542128967485871	1
0.1715094705088569	0
0.14445971764785848	0
0.5809745429082914	0
0.3354859745483191	0
0.21146217497249167	0
0.23935844595034603	1
0.2511115781717767	1
0.156081798342766	1
0.17123859950161033	0
0.1387242182458133	0
0.14531351720046137	0
0.1552096760910992	0
0.14414874503049993	0
0.1576469558468795	0
0.11748367988828382	1
0.13721448752460114	0
0.1940581790664834	0
0.1719347594970793	0
0.16090954211562514	0
0.1348866500793658	0
0.10091864927421185	0
0.16512887462312917	0
0.1367257820821426	0
0.11478865654036159	0
0.1300921754617324	0
0.16696364925367044	0
0.14861848295987243	0
0.18912261847598577	0
0.1382936620142625	0
0.14706660774288693	1
0.2242440119693311	0
0.1557442476621593	0
0.1766506066804058	1
0.14613260951230067	0
0.10632636286887968	0
0.12976079735903648	1
0.17804817665348277	0
0.14888438569065818	0
0.18743660451359334	0
0.15089162533586184	0
0.17800439092548442	0
0.11781925744451376	0
0.16641694117130024	0
0.16284925319122145	0
0.17755862492136626	0
0.19809908294482415	0
0.21640371555305057	0
0.17318783988883085	0
0.1824417481937316	0
0.19861655488987068	1
0.17501300156406485	0
0.12013242811408786	0
0.17330692411063636	1
0.1749250378962882	0
0.13783549896345987	0
0.17222976084824743	0
0.17689693974194867	0
0.1897987633377228	0
0.1438516548760888	0
0.23365034297349904	1
0.1976360473386181	0
0.11694836070110655	0
0.16380249193469387	1
0.21225535236399284	0
0.16278245083933157	0
0.14427427930291645	0
0.22507888247043004	0
0.18472771002239766	0
0.18896802368529805	0
0.24095128864832338	1
0.25518212612088537	0
0.22341802335021158	0
0.18300844431183302	1
0.22199665937801824	0
0.20606793637276208	1
0.16897171222162216	0
0.19305278745733398	0
0.24075615030588374	0
0.21955527578655123	0
0.1981437162654485	0
0.18199917260306164	1
0.20034155812548102	1
0.2298050542003541	1
0.19123178253670528	0
0.17022057487681289	0
0.23577952868108185	0
0.206526508343663	0
0.1478616969492437	0
0.176210464795764	0
0.20263491913472773	0
0.23339629722878125	1
0.16427662207917815	0
0.19174352632646333	0
0.17590168935723224	0
0.2509101979563839	0
0.10388015189149212	0
0.14364538443860378	0
0.14916809714849502	1
0.12320003177863849	0
0.2376304151375484	1
0.20029642640602333	1
0.17648197608584817	0
0.24906381804992497	0
0.1946343915448861	0
0.26063672583263864	0
0.1677595096501807	0
0.18121038023009994	0
0.43962703651300544	0
0.14618542238075907	0
0.27385845049643714	0
0.2503963868997833	0
0.14360278704745993	0
0.20660301083598345	0
0.1416417296581997	0
0.21561007090067666	1
0.13430757409029132	0
0.2510758084123144	1
0.20212254014743475	0
0.14193879245680688	0
0.24082074301320963	1
0.1709764938426608	0
0.1861980903789017	0
0.19344410520062494	1
0.259516580222047	0
0.4350505220067967	1
0.2591260426894436	0
0.21407701019367945	0
0.15813731786411606	1
0.14135183584402264	0
0.11376198669752628	0
0.13679426438744946	0
0.2586829758666691	1
0.13993470053417478	0
0.17520572785356398	0
0.19358681021690172	0
0.15021389477321995	0
0.14143887635905655	0
0.11773953560020543	0
0.21127919133789863	0
0.17593460979530123	0
0.1910899054179113	0
0.15076862062575092	0
0.22143142115042128	0
0.1782257462458118	0
0.16485186485588396	0
0.18350293619291916	0
0.13228558973107252	0
0.18124024827373741	0
0.2344287784032	0
0.2391949681854851	1
0.10762519548466362	0
0.1513163688773479	0
0.16696848438209502	0
0.1672255531747635	0
0.10884494744907518	0
0.21023512343820758	0
0.12057880694437556	0
0.15440192995451027	0
0.17250780429405152	0
0.16330465564060878	0
0.193339390780349	0
0.20418213686709108	0
0.1401262367920455	0
0.11892690446533029	0
0.10010987713365635	0
0.21465793011402784	0
0.21509407995271995	0
0.12038046920112788	0
0.15448593711656927	0
0.26221540145478084	1
0.201739741257639	0
0.2211877929077309	0
0.22021628146904984	1
0.20715892800641486	0
0.19589258235083523	0
0.2211975798597432	0
0.17074151182468703	0
0.17161027797337872	0
0.16178845002651676	0
0.14716367143995956	0
0.11890054104773239	0
0.15821022374277427	0
0.17439404962521318	0
0.11466339788867809	0
0.1871789517536467	0
0.15418429794993513	0
0.15600238827223525	0
0.14774025730695708	1
0.13204305966219715	0
0.1795137842371543	0
0.16219133938612465	1
0.14103593345661916	0
0.1466841449368071	0
0.16516942923558664	0
0.1632125795301896	0
0.17480838804413398	0
0.12896168429214247	0
0.21480895174297215	1
0.16491179754100982	0
0.18818705872823002	0
0.15235486347066657	0
0.1710305405708506	0
0.15885993827573755	0
0.27328042839142874	0
0.1781137373493064	1
0.16987809578113247	0
0.16028457368545518	0
0.17324226502918155	1
0.1519489768695347	0
0.17082542768740114	0
0.20048653789892268	0
0.1723400232899929	0
0.16267987021227023	0
0.1536379379784123	0
0.1676396944238534	0
0.17395134686993236	0
0.16497300650538455	0
0.13601281151291705	0
0.15300437396885408	0
0.18018912400917889	0
0.17663107987795498	0
0.21126574157598746	1
0.16245798869882594	0
0.12297064537930703	0
0.15803032873190656	1
0.13003089717961147	0
0.21097411176420897	0
0.18778400194040498	0
0.18798506754280236	0
0.19216794960845712	0
0.3037891174053688	0
0.20496112568916522	0
0.17859956720988285	0
0.18408470113720957	0
0.18603183169815393	0
0.19769682659061671	0
0.20499714980998684	0
0.3483078832704065	1
0.17360051286781084	0
0.2184396604742252	1
0.16842177775015302	0
0.20866177701472338	0
0.20572306614030614	0
0.30233945740631507	0
0.1464600033805666	1
0.18588943056496485	0
0.20262079194721674	0
0.19609328761675632	0
0.21570620968524123	0
0.1894700923268399	0
0.22939599705225738	0
0.1578065760688418	0
0.20374843042140667	0
0.14219282212274992	0
0.1718712544291331	0
0.2614522215509884	1
0.14746900600190066	0
0.14297260060820402	0
0.16413282352972158	1
0.831380368857076	1
0.1464984430005274	0
0.22457677148247246	1
0.14444406141264615	0
0.1986649334642196	0
0.1897512647492755	0
0.19059441124844834	0
0.2206898978448157	0
0.20286436754712212	0
0.27673763129019896	0
0.2943104760751501	1
0.2470285380893834	0
0.22763983687405712	0
0.1400739480595031	0
0.21976870929865483	0
0.19242835814333356	0
0.2202560406180008	0
0.1630466281406572	0
0.20818381479383388	1
0.21251695655313463	0
0.19762796786616194	1
0.22064436544724902	0
0.14546421713204136	0
0.3087571183167114	0
0.17366455371016348	0
0.28658438667946406	0
0.162727629045862	0
0.21811628357347274	0
0.35269898010612094	0
0.35773205762309024	1
0.5854095300362465	1
0.18028227125399449	0
0.1950496948425664	0
0.3482982209553309	1
0.3200687730158311	0
0.19968766357401715	0
0.16630241327948772	0
0.17095307933440954	0
0.16460206252633455	0
0.19110042924650997	0
0.16935549736369732	0
0.21460479281523193	0
0.12122223242458406	0
0.19004499787787332	0
0.2062557265606502	0
0.16386212196362038	1
0.13658311699634043	0
0.09987987321493018	0
0.2633014794780801	1
0.15551515594092838	0
0.25651800869556984	1
0.16252883509547744	0
0.21062748874813203	1
0.24700808035014582	0
0.16806303510700316	0
0.23561118418181265	0
0.19238476454914216	0
0.24697052505297937	1
0.19274443799750815	0
0.1933079117753705	0
0.21413163752072006	0
0.22650043239568976	0
0.5278843701129767	1
0.2734988311464723	1
0.20603611637770725	0
0.17943039794713345	1
0.21321106336232568	0
0.28486846769504975	0
0.224734590454984	0
0.2712451010631247	1
0.15287796017462502	1
0.1693414937182283	0
0.15483687556875633	0
0.16087316341040298	0
0.17933602351605546	1
0.15200230864701603	0
0.1785577894140133	0
0.13514406616863675	0
0.1434142613732123	1
0.1675236797811238	0
0.17487366748816452	0
0.10531163904795757	0
0.1295654435230643	0
0.29621106845754724	0
0.15040790276198485	0
0.17364257390660642	0
0.18410753621846773	1
0.18780827017024976	1
0.17247713638213064	0
0.17335937774542654	0
0.20802662759231372	0
0.11870184419839962	0
0.18444061212910096	0
0.19973373392538857	0
0.24105384066817295	1
0.2510817960698411	0
0.11706050939580225	0
0.2069338387886734	0
0.13148817481212968	0
0.2821524406669233	1
0.2483655755990426	0
0.19758786291310965	0
0.2582313545325462	1
0.2084624693042389	0
0.17878034156448025	0
0.1626092503722785	0
0.2536203603049129	0
0.12731804845387462	0
0.27474588327633437	0
0.2026278726393651	1
0.14774407586332242	1
0.16869254557620522	0
0.15879120990557433	0
0.13036449108034495	0
0.14729691931476552	0
0.1475722465178143	1
0.14836485234957167	1
0.1448053583941851	0
0.19716527506843917	0
0.1589592242316945	0
0.1670218908137063	0
0.14644429286219723	0
0.15982390506217933	0
0.21222820361270722	1
0.15797100510732606	0
0.16554631248408558	0
0.12329468239571907	0
0.15770533757416447	1
0.17583053214137895	0
0.14181587417440716	0
0.17355511026819392	0
0.15200416489528779	0
0.13239697961701097	1
0.14678405120544413	0
0.17111453207444474	0
0.20694452010067735	0
0.19533106104393333	0
0.29239089077136987	0
0.21258224609445747	0
0.19920980648637682	0
0.2423769217949404	0
0.1232316720852908	0
0.3004412463436352	1
0.15418631019340553	1
0.2317635910864577	1
0.12809047926407466	0
0.14942849187557417	0
0.21321741007739597	0
0.228487064593543	0
0.1661756186136835	0
0.13461596477208151	0
0.20043026432153307	1
0.19987218617816876	0
0.16573262169203842	0
0.14374027434505704	0
0.2634039648473967	0
0.150527495562061	1
0.2771185954393764	1
0.24329887858461727	0
0.2902856636917271	1
0.1864076629583217	0
0.12526658156504172	0
0.23116445670158545	0
0.182494955401108	0
0.36078183597951474	1
0.2456420838968692	1
0.2779574684926239	0
0.19916642831513157	0
0.6235504329741801	1
0.45620635873651416	0
0.14142514050177535	1
0.7314472744049499	1
0.1709470243204146	0
0.1324597697918384	0
0.1482769101895886	0
0.1299512492809287	0
0.19506518549397323	1
0.1396017250017979	0
0.1322514520394033	0
0.14477884379566372	0
0.15459999935674984	0
0.2293527001464082	0
0.23261057356399883	0
0.2671654768334676	1
0.27878121379045545	0
0.303062821341896	1
0.3862386880852531	1
0.3054904119049928	0
0.3310604624578989	1
0.2502082798451259	0
0.25015225218257064	0
0.24828394166510706	0
0.3114378671809208	0
0.9080739340949067	1
0.3404289381523428	1
0.1941128554765523	1
0.37821022978740615	1
0.8026134383670851	1
0.19439385100650824	1
0.2755710841532028	0
0.2588438056212619	1
0.23504964983918514	0
0.28015102066613423	0
0.17614259789008668	0
0.41702147776425214	0
0.2705973512220907	0
0.46939023884806474	1
0.34448939417816377	0
0.27509888982252145	0
0.33885419615984547	0
0.38485506388895074	0
0.36739457639391365	0
0.34905061189434144	1
0.47718895796625144	1
0.2938165544178044	0
0.387579026616343	0
0.33619175110916444	0
0.3290673726201972	1
0.13255510326168113	0
0.20626165685453812	0
0.1876482279636101	0
0.15217213944368274	0
0.1987607227578439	1
0.15002773393684082	0
0.1439879272864795	0
0.15049018503883127	0
0.19373155339120796	0
0.17434887542910085	0
0.23715529749145842	0
0.19480238192312618	0
0.23944612020825468	1
0.23036281151919522	0
0.20414011793471434	0
0.16727387946991293	0
0.1468294033014574	0
0.17834851881983485	0
0.22902170870180183	0
0.1121202974344181	0
0.13540804006731508	0
0.19085799597942255	0
0.16138511277610018	0
0.8779124802393404	1
0.8160161565187937	1
0.8441399067571831	1
0.7399612640691596	0
0.8588355848395525	1
0.8666691152446682	1
0.5784763488739898	0
0.8881910040309969	1
0.8413147420422304	0
0.7700924583331097	1
0.5694101644332688	1
0.7460499022721002	1
0.8513015973196314	0
0.80747345954469	0
0.6528350207331493	0
0.907980899158314	1
0.7888857782419312	0
0.6937773456112674	0
0.8584792899412395	0
0.49242684842869133	1
0.857459875343481	0
0.2763365799895462	1
0.17937574226028719	1
0.2260727492994517	0
0.1723004204176377	0
0.19253121744149856	0
0.19985241327009734	0
0.39651816655658234	0
0.5999659115762032	0
0.24724944296637047	1
0.20053144078865226	1
0.16329625867886835	0
0.1416187134967096	1
0.15403067406230359	0
0.17332967943007588	0
0.20888488529049357	0
0.1335927705268107	0
0.20004346941007173	0
0.1586672084603796	0
0.22502633515122783	0
0.14133485981761876	0
0.17729344556929938	0
0.13796473111335814	0
0.19996307066323654	0
0.23552065336336617	1
0.2144254646761461	0
0.2155260365991628	0
0.19489283489326567	0
0.22329122578964705	1
0.2128821429302936	0
0.19634626873619396	1
0.3295392038997244	1
0.14330755405001633	0
0.1433861375984174	0
0.15109517589044502	0
0.16075811531730466	0
0.12837434822085558	0
0.17119913914963816	0
0.2045365911234969	1
0.13946343002670836	0
0.18897697098782004	0
0.15659514301768193	0
0.15229037048811137	0
0.14533407689127645	0
0.1546417500305904	0
0.13747404687946582	0
0.13267241983971323	0
0.15072247304959763	0
0.14839042956074583	0
0.13286626737217658	0
0.12331336746239308	0
0.177296864390845	0
0.14494523184321953	0
0.14421497183645082	0
0.17894577920225216	0
0.16232345371329424	1
0.17582142060277525	0
0.2648681603951014	0
0.17834029159303078	0
0.23813542810923655	0
0.2585978596008281	0
0.1588201285091172	0
0.1416907141932734	0
0.21464699962084638	0
0.24871263671185753	0
0.27876347296684956	1
0.19285322445538047	0
0.1957322842746035	0
0.2117932877768553	0
0.14318707045299614	0
0.20469971783472635	0
0.2118675781273558	0
0.1700449380125924	0
0.21434045351322936	0
0.18025681753410824	0
0.3150257664436429	0
0.43577495080982076	1
0.17150383078470133	0
0.15408231946367754	0
0.2513625614037793	1
0.1476890547723035	0
0.1540588727579424	0
0.20426773594843645	1
0.18188010512646605	0
0.21745930545569817	0
0.17245080779773522	0
0.13342775770558718	0
0.2104707751593997	0
0.1953632450168634	0
0.2829528475253014	1
0.18915417966402662	0
0.23329314425305442	1
0.269108547642684	0
0.21013107371554446	0
0.27614681199693547	1
0.13690532103847586	0
0.23487906024853433	0
0.19604574561345736	0
0.410908616356676	1
0.2506818262608292	0
0.22069849570415864	1
0.17771748649871344	0
0.18271675055229505	0
0.21342158469952563	0
0.23112452718803486	0
0.14748015212714305	0
0.19857115049151677	0
0.14288234315676934	0
0.16439362973012245	0
0.21266633182614259	0
0.1752876012596868	0
0.15022472590933816	1
0.14096760788504423	0
0.15090824793705354	0
0.17682256949212669	0
0.17664774986840043	0
0.20543504421368428	0
0.1237866309535616	0
0.1856088573466338	0
0.13390695282814685	0
0.13184573193408997	0
0.12194883510439075	0
0.13375190707312867	0
0.17989400657186863	0
0.16727522984361812	1
0.11165462109517746	0
0.17383812926745007	0
0.13859935977427332	0
0.18661374391235652	0
0.13437101010250083	0
0.5	1
0.1543712497210212	1
0.15065042087566252	0
0.11745298668592172	0
0.14878486940474947	0
0.10282639599345243	0
0.18533822519565835	0
0.2257762732942425	0
0.16363765408239067	0
0.13634612252077286	0
0.1691325473093789	0
0.18506605006681168	0
0.17854456307676353	1
0.14223241559989397	1
0.18153131422875818	0
0.16725244246654616	1
0.23509310452071602	1
0.14999095123773973	0
0.21905200984706089	0
0.21189194317974605	0
0.19040459406576668	1
0.23636905826959909	0
0.354103725939511	0
0.167971376652671	1
0.16076359858781195	0
0.24025968146685403	0
0.49140769275271456	0
0.157343306138687	0
0.1632503281384168	0
0.20559567730510464	0
0.1490425154949779	0
0.24835177967232916	1
0.19497059913829615	1
0.20161587034650158	0
0.24533241201325343	0
0.45486947666818683	1
0.2760929007576085	1
0.7291633533021714	1
0.2623679036123032	1
0.2573047948125127	1
0.3400855713379303	1
0.19174219506619372	0
0.36661421344926826	1
0.28353465152619817	0
0.3999354481216087	1
0.8386184058760182	1
0.27335420609481115	0
0.14824702727978065	1
0.13925719611660123	0
0.20865295803744063	1
0.17155520748097644	1
0.24621315307125569	1
0.605151780120737	1
0.15738818815097422	1
0.24387655955370463	0
0.3696787646082588	1
0.15993619154414268	0
0.17540956503871524	0
0.15893956462393255	0
0.2763197177479306	0
0.1866700598793234	0
0.29404573155285074	0
0.17135709863539222	1
0.5212046870232259	0
0.1923154738453845	0
0.16460955422636972	0
0.17687857149838374	0
0.17761612840405883	0
0.18373703751428017	0
0.16775148498397885	0
0.1724827147034434	0
0.16926199819537166	0
0.1758120308600808	0
0.18421748632292395	0
0.20924301448775443	0
0.1505540216768683	1
0.18056202717924008	0
0.21304959798643583	0
0.20431127788386805	0
0.16872679713549166	0
0.17937817652641813	0
0.2027464800528327	0
0.29716992759194616	0
0.2149912735905166	1
0.1532965697095902	1
0.2654132367588357	0
0.15892513298966776	0
0.19140560281365715	1
0.17434923037968353	0
0.19100728898747396	0
0.15227481403845985	0
0.21569100114430487	0
0.1917110518781022	0
0.23557582600372068	0
0.17757305348330454	1
0.40884562914986716	1
0.23408308894517493	1
0.19140955498900308	0
0.21028317462826665	1
0.1777870108690097	0
0.22720375652878738	0
0.38376837592498764	0
0.285168852755533	0
0.1557139231015847	0
0.3094171146285209	1
0.2809960428001688	1
0.2572793787847512	0
0.2374398568901604	0
0.2627619807613072	0
0.16497893798499638	0
0.1918445953683797	0
0.1976762946309703	0
0.2668575872761079	0
0.24826038303347864	0
0.18669173376682602	0
0.3275559507210497	0
0.25986750314408263	0
0.23270501176983988	1
0.26765366266183566	1
0.18458739575125968	0
0.3808158841286635	1
0.22278145280881467	0
0.3910285052509612	1
0.2139615183687817	0
0.2671411713351752	1
0.3228755835413898	0
0.3201381700710184	0
0.7041145745483572	1
0.36161305837016944	1
0.4306048021426653	1
0.1974721142386131	0
0.17140523536904478	0
0.14664456364856257	1
0.6772895866676677	0
0.23328165958664426	0
0.15459769521059502	0
0.2139239467940244	0
0.1679930926202803	0
0.4705020036470103	0
0.14890500689698682	0
0.22367028147981322	0
0.22503577394783078	0
0.2351423230612148	1
0.3806836104656198	0
0.26301431335121883	0
0.2601795815917773	1
0.21820637620145475	0
0.2891761341507788	0
0.1531575438938836	0
0.21865095513775418	0
0.16345743287363015	0
0.4211136448600699	0
0.2674474578310527	0
0.18209298434265814	0
0.35838205053469774	1
0.2277774838814821	0
0.22191136315842916	1
0.1585569259218004	0
0.13391454979144524	0
0.16159498695171348	0
0.16870824098584816	0
0.24774910715411735	0
0.19256428923626506	0
0.13118000310044542	0
0.11972054370523859	0
0.14559745560984122	0
0.15899860066174973	0
0.18565290380932173	0
0.17008346644013	1
0.15966752666940218	0
0.47653475662953326	1
0.17112985550490553	0
0.13749696475393067	0
0.19674268423303481	0
0.15850653760411718	0
0.18077331247149322	0
0.3308262051992986	0
0.2952939659009195	0
0.30941859962859347	0
0.20529595889716126	1
0.11080433806681553	0
0.2461491145646443	0
0.1643355750538508	0
0.389220598305499	1
0.19269942530413342	0
0.32174303758496087	0
0.14359615558078304	0
0.1599184658818407	0
0.38706669436902696	1
0.23381852314233684	0
0.2695776374980609	0
0.22349203051079825	1
0.1967250658902652	1
0.1568853818100411	0
0.4471794255282873	0
0.14309014181284835	1
0.35863810707699073	1
0.3540951465837319	0
0.26951994422355297	1
0.32768958331863407	1
0.2617779144639762	0
0.12013155127262955	0
0.39478202778068944	0
0.4521271326860628	0
0.23755922779188735	0
0.3674631003509909	1
0.18858470204165043	1
0.17008677899097155	0
0.22023654890602112	1
0.3204054422550552	1
0.3618851632760108	0
0.3233181953602095	0
0.2908659609556772	0
0.4263074389260044	0
0.2101750034397745	0
0.26661157552854864	0
0.4847151456790882	0
0.4519362843263171	1
0.4004986753302349	1
0.20536234329598424	0
0.30799845303352724	0
0.18006459724657708	0
0.5	1
0.15681960730721392	0
0.42508669495774504	0
0.23857351070114655	0
0.2313957351057178	0
0.31147235002721485	0
0.26987836198768583	0
0.5808150989530163	0
0.1847086717616849	0
0.2577301653688961	1
0.16943806186078347	0
0.22802898527678878	1
0.2361715436270499	0
0.1945591109327699	0
0.16137147734003932	0
0.22092244202018324	0
0.19878385460837902	1
0.2251913155183339	0
0.1269014579015449	0
0.18358736946042528	0
0.17855656311725823	0
0.1348786476534899	0
0.2763274881104537	1
0.15940006226694847	0
0.17250941196048528	0
0.5879062951908087	1
0.6228546495240557	0
0.20011325004637387	0
0.42491647886505146	1
0.6871458531621635	0
0.5174193127546654	1
0.4371821593042493	0
0.36698114599731757	1
0.6519042204323301	0
0.19522778341609856	1
0.1665176212282997	1
0.8802976657120626	0
0.7260100892947984	0
0.2782260566155529	0
0.8054258308929242	1
0.7153327934221732	1
0.9087733497747196	0
0.9154859327198314	0
0.8637787063840543	1
0.1928610874839024	0
0.1852405522340467	0
0.2589143033219911	0
0.16126202066480433	0
0.15274713666371675	0
0.19130472826243494	0
0.2882670345193736	1
0.3472686881076532	1
0.23710012293494498	0
0.1402428344409594	0
0.15257217052307992	0
0.22791783645295924	0
0.3778098125813183	0
0.24399583350119686	0
0.16062986462632461	0
0.4336313594729507	1
0.45005963557806833	1
0.35495197958410174	1
0.21153288289036476	0
0.15206842477924856	0
0.22298776356438585	0
0.2659187377665927	0
0.28081867767741836	1
0.19621073556405566	0
0.738883802494156	1
0.7795687179209602	1
0.4856995019662926	1
0.19734959909211455	0
0.17446115698383033	0
0.2589646043106227	1
0.21176382711660557	1
0.15622272102007256	0
0.21745153091451164	0
0.20415742665458012	0
0.17682003910940586	0
0.16112757417560772	0
0.22474383990039723	1
0.2672150861282638	0
0.18855457039902807	0
0.2880564446907853	0
0.19305496350395296	1
0.16496858527932387	0
0.25321283387715704	1
0.3563431050828081	0
0.20727633397505266	0
0.14510405532746146	0
0.20421612815250467	1
0.3106556885671166	0
0.2221617185264825	0
0.10701127742812519	0
0.2115567318260365	0
0.16706958912402547	0
0.1316511664998164	0
0.19001100414995245	0
0.15807670256851278	0
0.21517392964853746	0
0.14373322662461974	0
0.21115218369466976	1
0.19071252307379583	0
0.23712972417450415	1
0.14939025544420753	0
0.14187260761694465	0
0.17530780874251428	0
0.13869118331943722	0
0.12320874975710304	0
0.6011653220097113	1
0.3716900559800558	0
0.1514523625029318	0
0.44549925651184447	0
0.429384689342132	1
0.6165936459907232	0
0.3765331252327285	1
0.4630780208681308	0
0.530663340795626	1
0.42059016432374735	0
0.6764837382918603	1
0.7193094347174626	1
0.6539563436720371	0
0.5787518545007951	1
0.4101169788264576	0
0.5101020678569483	0
0.4123212341727073	1
0.49475138725665785	0
0.5309193587686616	1
0.4383321383107906	0
0.5181404487561381	1
0.48517769428847674	0
0.3901834983986956	1
0.5996599757495877	1
0.23838220559820733	1
0.44995962256184063	0
0.16934665928408793	0
0.1961971065824557	0
0.1549124683027193	0
0.6358365639902529	1
0.4907868038779125	0
0.43055124155895846	0
0.23266948482648833	1
0.3636526533146915	1
0.3155937358067294	0
0.2507486813602143	0
0.37988346329692485	1
0.2734644803217691	1
0.23659762908245113	0
0.19205148367728514	0
0.6477018607904987	0
0.7766816298985321	0
0.5	1
0.6344624774660754	1
0.19444887938154085	0
0.30236599325014324	0
0.31743205984353917	0
0.34233550883763664	1
0.17897765137241128	0
0.21138538578112664	1
0.15464225506847548	0
0.10319989442677933	0
0.13721282157411477	0
0.13781616713624453	0
0.18635176774308881	0
0.14628970772767622	0
0.19800897434285333	0
0.1193007942164478	0
0.1592436407181445	0
0.13849175331818053	0
0.13303794122832915	0
0.1398809871882917	0
0.1180585161017608	0
0.1808261980871486	0
0.1523312133729854	0
0.20075628124190587	0
0.19566896746994206	0
0.18672316649482418	0
0.19823358941141453	0
0.19970522506968663	0
0.19522697807576087	0
0.1472664574892552	0
0.17298690426277813	1
0.21632689462978572	0
0.17573971653864126	0
0.22893459187438198	0
0.17130791036439125	0
0.24807006524417655	1
0.2584683330535051	0
0.3952437743389678	1
0.22471479512802284	0
0.1320642987230612	0
0.33622447227133323	0
0.18269232090578402	0
