0.23494986672347	1
0.23494787117274948	0
0.23495085095732757	0
0.23494977319011365	0
0.2349477628541978	0
0.2349511107126284	0
0.23494895842727515	0
0.23495104803171804	0
0.2349502626690579	0
0.23495165785651892	0
0.23495065869264165	0
0.23494984350037765	0
0.23495005360740515	1
0.23495086024228165	0
0.23495038867770246	1
0.23494923514494445	0
0.2349515771148241	0
0.23495123787955116	0
0.23495227371515778	0
0.23494983653895593	1
0.23494923494958855	0
0.23494884355618478	0
0.23494791772224174	0
0.23494966803548661	0
0.23494775495152634	0
0.2349498916345071	0
0.23494884957943935	0
0.23494988640224876	0
0.23494827853572323	0
0.23495119155740404	0
0.23495000450487882	0
0.23494950804899747	0
0.23494974304256422	0
0.2349487602433464	0
0.2349513166333704	0
0.23495072541396353	0
0.23495011973923746	1
0.23495096607685725	0
0.23494925771900338	1
0.2349513350692516	0
0.23495079774469854	0
0.2349508735430882	0
0.23494887799528644	0
0.2349493008499241	1
0.23495105116148018	0
0.23495321197627272	0
0.23495022042754551	0
0.23495211754465387	0
0.23495216011140002	0
0.2349499652529337	0
0.2349496616635431	1
0.23495159013261646	0
0.23495119469408787	0
0.23495064084863404	1
0.2349479029152252	0
0.23495009192801167	0
0.234950786890294	0
0.2349508827086627	0
0.23495157439832967	1
0.2349511424646756	0
0.23494928123603562	0
0.23494985899229134	0
0.2349495632944437	0
0.23495045865743378	1
0.23495003319849656	0
0.23495194110170384	0
0.23495017166895515	0
0.2349481613229108	0
0.23494950927836053	0
0.23495150918367286	0
0.23495144650285893	0
0.23495372244075038	0
0.23495079777295996	0
0.23495112367611976	0
0.23495377306594037	0
0.23494953500200033	0
0.23495209136149983	0
0.23494895348171624	0
0.2349506935675739	0
0.23495029592144173	0
0.2349514617126168	1
0.2349526249737343	0
0.234952193032943	0
0.23495213037028506	0
0.23495134500075787	0
0.23495274021547705	0
0.2349520663642387	1
0.2349509666556882	0
0.234976448133454	1
0.23495120165757385	0
0.23495101694554452	0
0.23494954400136647	1
0.23495171717358052	0
0.23495282614016022	0
0.23494996706504742	0
0.2349511250850563	0
0.2349495459430585	0
0.23494809520164497	0
0.2349494535143624	0
0.23494955820271915	0
0.2349489871845927	0
0.23495110250564527	0
0.23494904854758708	0
0.23495021670975585	0
0.23495259676705077	0
0.23495015960453094	0
0.2349497493286324	0
0.23495094243634954	0
0.23495095903759133	0
0.23495097882453667	0
0.23494853771609042	0
0.23494964790891668	0
0.23494875990508002	0
0.23494973945631242	0
0.23494985453016537	0
0.23494928348694885	0
0.23495219651485774	0
0.23495652784901783	1
0.23495161271004428	0
0.23495102797022832	0
0.23495157939096079	1
0.23495197103680865	0
0.23494959772920676	0
0.234950236302611	0
0.23494958428978766	0
0.23495157381721232	1
0.2349516164104487	0
0.23494911792740672	1
0.23494917931449913	0
0.23495057100624037	0
0.23494900398612664	0
0.23494864129954873	0
0.23495040745716544	0
0.23494936653824386	0
0.23495072666159167	0
0.23495188991360832	0
0.2349515005656329	0
0.23494930568986958	0
0.23495060994809844	0
0.2349513312933977	0
0.23495157587385426	0
0.23495128554080863	0
0.23495023161272333	0
0.23495093056832675	1
0.2349490200896088	0
0.2349520401704206	0
0.23495129794469266	0
0.23494982879875206	0
0.23495098856344623	1
0.23495160488342506	0
0.23495183716760898	0
0.23495071674282278	0
0.2349518747854441	0
0.23495029562545652	1
0.23494899107861034	1
0.23495146140581752	1
0.23495094980113182	0
0.23495264986663444	0
0.23495273990401433	0
0.2349577006918719	1
0.23495146281537957	0
0.2349514813275843	1
0.23495033437259819	0
0.23494979822459622	0
0.23495127388215922	0
0.23495218371076632	0
0.234950990988699	1
0.23495082685656893	0
0.23495150772838086	0
0.23495003202055917	0
0.2349506097727666	0
0.23494932247191833	1
0.23495106255290976	0
0.23495151149634882	0
0.23495230227283787	1
0.23495256202483084	0
0.2349524353580414	1
0.2349507036554334	0
0.23495016751635955	0
0.2349516391835085	0
0.23495115031663008	0
0.23495072267653988	0
0.23494994744017322	1
0.23495132445566702	0
0.2349515630129306	0
0.23495183320063334	0
0.234950716421127	0
0.23495150638363518	0
0.23495234711218257	0
0.23495244111343622	1
0.234951299339934	1
0.23495096732668452	0
0.23495061970503672	0
0.23495169467195903	1
0.2349537673029729	1
0.23494909858920845	0
0.23495155971407236	0
0.23495165553212	0
0.23495118395792391	0
0.23495057777302414	0
0.23495043858605852	1
0.23495103539046316	0
0.23495144808962004	0
0.2349521430466629	1
0.23495176728658893	0
0.23495005326418814	0
0.23495125568829722	0
0.23494951916645582	0
0.23495050284600497	0
0.23495215803438257	0
0.23495304575092807	0
0.23495800648219675	0
0.23495261643201149	0
0.23495232611275202	0
0.23495118441835725	0
0.23495010408421882	0
0.23495248953586836	0
0.23495233850242944	0
0.2349536522904505	0
0.23495129686966731	0
0.23495188390302446	0
0.23495252485645088	0
0.23494961057791747	0
0.2349489637230029	0
0.23495059480769104	0
0.23495193586898336	0
0.23494846003229844	0
0.2349489933651962	0
0.2349488607064261	0
0.23494967843974673	0
0.23494957111129378	0
0.2349491608008682	0
0.23495018221892572	1
0.23495042077210915	0
0.23495111572912197	0
0.23494999530164207	0
0.23495071074930315	0
0.23495073998463156	0
0.23495075989022954	0
0.23495108580165885	0
0.23495055244987068	0
0.23495262505106346	0
0.23494864999856502	0
0.23494926435220428	0
0.23494949032572304	0
0.2349502810996922	1
0.23494980953079306	0
0.2349516221770832	0
0.23495054084903716	1
0.23494969807598556	0
0.2349486560095898	0
0.23495015534476138	0
0.23494854701835602	0
0.2349500134435944	0
0.2349496219936901	0
0.23494961801616668	0
0.2349488471503883	0
0.23495111545432176	0
0.23495134143177984	0
0.23495166062645	0
0.23495068077278478	0
0.23494896674642193	0
0.23494943602212762	0
0.23495249343601476	1
0.2349494121876354	0
0.23495195926692486	0
0.2349512396767975	0
0.23494955374011953	0
0.23495102658927802	0
0.23494901759941428	0
0.23495088469777617	0
0.2349501286359545	1
0.23494971840795165	0
0.23494993540551715	1
0.23494801124747852	0
0.23495002442582816	1
0.23495007831588838	0
0.23495052725765606	0
0.23494960170868584	0
0.23495265909781754	0
0.23494957787649876	0
0.2349515777848169	0
0.23495162035792808	0
0.23494942550788941	0
0.23494912190824432	0
0.2349514511023784	0
0.23495169567801819	0
0.2349497194325911	0
0.2349511922769828	0
0.23494958393138488	0
0.2349510503785827	0
0.23494960359607064	0
0.2349504016792727	0
0.23495065493592454	0
0.23494853397579732	0
0.23495070713962188	0
0.23495101297223514	0
0.2349515137712949	0
0.23495150707829235	1
0.2349505471483819	1
0.2349516135155394	1
0.23495007982499794	0
0.23494789725517393	0
0.23494924593650632	1
0.23495007041609053	1
0.23495156874142983	0
0.23494914727513416	1
0.2349492755737259	1
0.2349502139643057	0
0.23494897263274744	0
0.23495071270889212	0
0.2349503213174736	0
0.2349495460830165	0
0.23495143184701728	0
0.23495195243237396	0
0.23495148086570153	1
0.2349526441234345	0
0.2349500598983547	0
0.2349508979706273	0
0.23495098581549334	1
0.23497646731661623	0
0.2349502379976347	0
0.23495129333357542	1
0.23495279441103584	0
0.2349515975051533	0
0.23495244384062627	0
0.23495076817707028	1
0.23495016198162585	1
0.23495149949981764	0
0.23494980575431684	0
0.23495018652771674	0
0.23495015028769395	1
0.23495037325627163	0
0.23494883306671896	0
0.2349512941811071	0
0.23495133178129074	0
0.23495091843304672	1
0.23495158707876546	0
0.23495715765094272	0
0.23495176762786804	0
0.23495280346873848	1
0.23495072690009644	0
0.234948773336325	0
0.23495053950209602	1
0.2349516326061193	0
0.23495037526853424	0
0.2349485989655551	0
0.2349510415575065	0
0.23494902181581231	0
0.2349510779653089	1
0.23495227040593517	0
0.23495099573486028	0
0.23494938263520745	0
0.23492703905560217	0
0.23495110856225596	0
0.23494998013651644	0
0.23494940060988087	0
0.23494972009082188	1
0.23494887284646443	1
0.2349510618645851	1
0.2349521549661922	0
0.23495041867829194	0
0.234951732615304	0
0.23494864450765213	1
0.23495199236455977	0
0.23495129912342128	0
0.2349520348396832	0
0.23495186562402048	0
0.23495128094531423	1
0.23495081622901198	0
0.23495183225663008	0
0.234951100954411	1
0.23495132021741558	1
0.23494932463719603	0
0.2349510647053669	0
0.2349506733502441	0
0.23494974750896425	0
0.23495178386746363	0
0.23495180365426155	0
0.23495058812512878	0
0.23495132126941068	1
0.234952606675331	0
0.23495302125967427	0
0.23495807200754223	1
0.2349523916106224	1
0.23495016963078774	0
0.23495070299879903	0
0.23495087039496643	0
0.2349504457788534	0
0.23495025532694996	0
0.2349502228313456	0
0.2349504488056023	1
0.2349507387890413	0
0.23494960222740693	1
0.2349495098185014	0
0.2349514993411045	0
0.23495154193120563	0
0.2349493470495023	0
0.234951158791986	0
0.23495700729716684	0
0.23495161726366315	1
0.234949104836077	0
0.23495149032999535	0
0.2349502158687708	0
0.23495167813281384	1
0.23495096507392269	0
0.23495299717827356	0
0.23495109342395568	0
0.2349492822148434	0
0.23495124526188504	0
0.23495053223171103	0
0.23495252176491666	0
0.23495256432837988	0
0.23494921253884443	0
0.2349505612353138	0
0.23495270477424646	0
0.23495213413580623	1
0.23495000673239178	0
0.2349528840184252	1
0.23495111457583412	1
0.23495218565067089	1
0.2349516093159076	0
0.2349529092211769	0
0.23495299927190053	0
0.2349523254155053	1
0.23495172217172744	1
0.23495059372048435	0
0.2349520000827651	0
0.23495116863093712	0
0.23495244014198255	1
0.23495312102368798	0
0.2349522801835171	1
0.23495222309964675	0
0.2349503595597504	0
0.23495474939451577	0
0.23495082320755353	0
0.23494970641943497	0
0.23494862410433753	0
0.23495049637332927	0
0.23494961400836564	0
0.23495268485785797	0
0.23494960363377437	0
0.23495160353751898	0
0.2349512629584557	1
0.2349497451855008	0
0.2349496293288051	0
0.23495068465412372	1
0.23494969859976403	0
0.23494797042302604	0
0.23494819521865742	0
0.23495054425309345	0
0.23495008248177274	0
0.23495114886731114	0
0.23495160600277865	0
0.23494986540434662	0
0.23494957155037544	1
0.2349507310650606	1
0.2349494863274161	0
0.23494811453731868	0
0.2349512563417023	1
0.23495146239014408	0
0.23495150495882355	0
0.2349511959462992	0
0.23495061962286792	0
0.23495191950657693	0
0.23495073245726755	0
0.23494906788267736	0
0.23495101037986077	0
0.23494948820959358	1
0.2349514533592699	0
0.2349495437745386	0
0.23494822654694617	0
0.2349514751476964	0
0.2349476953820489	0
0.23494858735979804	0
0.23495091653937442	0
0.2349506577274934	0
0.23494860533985495	0
0.23495082229413644	0
0.23495041732671756	0
0.23495122044350425	0
0.23495033509932	1
0.23494986366892648	0
0.2349499515112816	0
0.2349517600713698	0
0.23495000177031594	0
0.23495101785423275	0
0.2349523316048328	0
0.23495025502823652	0
0.2349497011744969	0
0.2349513867029575	1
0.23495221117698717	0
0.2349513014789046	0
0.23495327753025474	0
0.23495382467966192	1
0.2349531508157938	0
0.23495256612123822	0
0.23495289204489622	0
0.23495235466506334	0
0.234945419838897	1
0.23495199410520246	0
0.23495180084517422	0
0.23495199577544928	0
0.23495195071470065	0
0.23495288419855928	0
0.23495176379012964	0
0.23495250842780718	1
0.23495213312315832	0
0.23495135490155886	0
0.23495317701197782	0
0.23495874761294389	0
0.2349528542418956	0
0.2349513785797661	0
0.2349523208587354	0
0.23495206362442442	0
0.23495307961090126	1
0.23495195631996738	0
0.23495154597640922	0
0.234947839106043	1
0.23494845345868795	0
0.2349486794332153	0
0.23494947020720292	0
0.23494899864059662	0
0.23494839245584695	0
0.23494638211252697	0
0.23494972996415048	0
0.234949036767475	0
0.2349505928651006	1
0.23495103991297292	0
0.2349512490024459	0
0.23495105652951914	0
0.23495036086645535	0
0.23495110553190857	1
0.23494986077124844	0
0.23495187940976678	1
0.2349515704250712	1
0.23495177415474547	0
0.23495110693398594	0
0.2349511254455445	1
0.23495052265288668	1
0.23494984303910263	1
0.23495130944059098	0
0.23495167681897475	1
0.23493740090580875	0
0.2349377232690087	0
0.23493741953758848	0
0.23493773561277093	0
0.2349374501593436	1
0.23495206848808217	0
0.43790765114517755	0
0.2349367300765532	0
0.2349510998296315	0
0.2349506371589814	0
0.2349509271422193	1
0.2349497116177422	0
0.23495035015716106	0
0.2349496877822342	0
0.23494953539707605	0
0.23494923181370495	0
0.23495151519701804	0
0.23495152512745426	0
0.2349517481046799	0
0.2349539454184254	0
0.23495327726741108	0
0.23495226406507527	0
0.23495270658463446	0
0.23495112747992614	1
0.23495057924158555	0
0.23495168706793024	1
0.23495302458855255	1
0.23495102883055538	1
0.23495087229592132	0
0.23495056873388037	0
0.2349535717135211	0
0.2349528978822227	1
0.2349511662249723	0
0.23495263907678993	0
0.23495103068859202	1
0.23495058669992283	0
0.2349541782378256	0
0.2349539351219212	0
0.2349524098792065	1
0.23495671308030544	1
0.23495142753448733	0
0.23495292582424995	0
0.23495063269904623	1
0.2349512675470768	1
0.23495157105806244	1
0.2349512104539816	0
0.23495080016714112	1
0.23495101720864456	1
0.23495351806328735	0
0.23495350551908678	1
0.23495289744599449	1
0.23492829975381255	0
0.2349514466992722	0
0.23495410133894018	0
0.23495483705977394	0
0.23495394646128384	1
0.23495463445438788	1
0.23495140379594487	1
0.23494890520752704	0
0.23494942697390703	0
0.23495161600872738	0
0.23495190598925045	0
0.23495021066508912	0
0.23495135234800368	0
0.23495228102434745	0
0.2349506726935768	0
0.23495213909562182	0
0.23495250642199794	0
0.23494791350962982	0
0.23494981552067337	0
0.23494926819899478	0
0.23495109030439695	0
0.23495161012920157	0
0.23495005273515238	0
0.234951183032923	0
0.23495121225034404	0
0.23495240067737247	0
0.23495160299959486	0
0.23495424203293672	1
0.23495008237459178	0
0.23495363420895105	1
0.23495337873411393	0
0.23495358915963144	1
0.2349538118213796	1
0.23495513089602282	0
0.2349516765452984	1
0.23495278676931436	1
0.23495354069853716	1
0.23495595951346604	0
0.23495467213932864	1
0.23495533533218624	0
0.23495542534307035	0
0.23496038615977674	1
0.23495499602585626	1
0.23495301982347724	0
0.23495388685137994	1
0.2349529040148233	1
0.23495603188120276	1
0.23495340152620123	0
0.2349499850786666	0
0.23495376355920028	0
0.23495174865486693	0
0.23495296487656336	0
0.2349531618235547	0
0.23495191043745092	0
0.23495268989836254	0
0.23492721524314897	0
0.23495342238352315	0
0.23495175085051478	0
0.23495374041142744	0
0.2349518555418875	0
0.23495188205896095	0
0.2349513458405369	0
0.23495176616728156	0
0.2349535802151183	0
0.23495281750005276	0
0.23495204661484317	1
0.23495044651116442	0
0.23495099168771588	1
0.23494973346389394	0
0.23495088023650887	0
0.23495159629978735	0
0.23495184087811022	1
0.2349513374881196	0
0.23495171395552922	0
0.23495156295227154	1
0.23494824440596337	0
0.23494998447928747	0
0.23495020745307618	0
0.23494866726339347	0
0.2349507526285313	0
0.23495079074716627	0
0.23495077251985946	0
0.23494962274239256	0
0.2349494900724626	0
0.23495056506499093	0
0.234950307835409	0
0.2349514749108068	0
0.23495132390308224	1
0.2349526376515913	0
0.23495000725715443	0
0.23495085975481148	1
0.23495006491763018	0
0.23495082763417902	0
0.2349507951286015	0
0.23495134030963521	0
0.23495200893308346	0
0.23495173107084552	0
0.23495194492587604	0
0.23495021326788285	0
0.2349507574254167	0
0.23495168612200404	0
0.23495084526325316	0
0.2349503778958901	0
0.2349491693248067	0
0.23495100371947844	0
0.2349512264225377	0
0.23495118612978688	0
0.23495029288250122	0
0.234951450021244	0
0.23495040793968452	0
0.23495190729641205	0
0.23494989827467208	0
0.23495287497943004	0
0.23495344651804842	0
0.23495081609335422	0
0.2349511996746579	0
0.23494972397452626	1
0.2349514075335705	1
0.23495158171868727	0
0.23495211023294083	0
0.23495255274045204	0
0.23495097363206568	0
0.23494966913232052	0
0.2349516278497669	0
0.23495291325073392	1
0.23495071847703666	0
0.23495341785343463	0
0.2349521407595038	0
0.234951012406572	0
0.23495225602881553	0
0.23495075235663399	0
0.2349507336379138	0
0.23495003407313655	0
0.23495244201392423	0
0.2349524672399282	0
0.23494961561566408	0
0.23495014894061314	0
0.23495031637945185	0
0.23495173487827456	1
0.23495127220623047	0
0.23495042560727905	1
0.23495206297296908	0
0.23495023129933632	1
0.2349515913959406	0
0.23495121608432934	1
0.23494934328045003	1
0.23495098518844992	0
0.2349489748727223	0
0.23495017043851354	0
0.23495225994333355	1
0.234951474601229	0
0.23495159273171073	1
0.23495161128812658	0
0.2349524404730933	0
0.23495215016789636	0
0.2349521625807492	1
0.23495139984569663	0
0.2349506289406967	0
0.23494976719452412	0
0.23495130246952103	0
0.2349508974941747	0
0.23495131746531042	1
0.23495034384371455	0
0.23494926352348794	0
0.23494979683626252	0
0.23495224021266523	0
0.23495037458673232	0
0.23495123280880617	0
0.23495053961326837	1
0.23495084730148924	0
0.23495244452496447	0
0.23496500474276197	0
0.2349639424125	0
0.2349490075479074	0
0.23495074762065815	0
0.23495035623407856	0
0.2349516592308397	0
0.2349501556332146	0
0.23495024718038357	0
0.23495224709550308	0
0.23495228967582948	0
0.23495009479473497	0
0.2349519065396756	0
0.23495236499418157	0
0.23495038587223774	0
0.23495107100028711	0
0.2349507703984984	0
0.23494952583005366	0
0.23494753027725657	0
0.2349505100635565	0
0.2349500384947267	0
0.2349474219698515	0
0.23495042925682433	0
0.2349487759788649	0
0.23495135200687975	0
0.23495060976314008	0
0.23495192354225408	0
0.23494929311634588	0
0.23494877154358915	0
0.23494824173673934	1
0.23495122152512965	0
0.23494959643722818	0
0.23495055842659657	0
0.23495000458290394	0
0.23494809871661262	0
0.2349468958770593	0
0.23494827289013412	1
0.23494851467395528	1
0.234949206366187	1
0.23494880140638208	1
0.23494999385691004	1
0.23494757242562173	0
0.23494929549663446	0
0.23494767710400905	1
0.23494871388049055	0
0.23494917643255064	0
0.23494791569360932	0
0.23494756811524356	1
0.234948570573186	0
0.23494955289084582	0
0.23494940187676505	0
0.23495533865581214	1
0.23495685282967094	0
0.23495253556138404	1
0.23495672905394183	1
0.23494951311692647	1
0.23495239393596845	0
0.2349489511857696	0
0.2349502918829759	0
0.23495100729686452	0
0.23494841999341348	0
0.23494977832650077	0
0.2349513823526197	0
0.2349500740710559	1
0.2349509561822243	0
0.23495211570960667	1
0.2349508574868106	0
0.23495213559206254	0
0.2349524615177899	0
0.2349540007062106	0
0.2349522291091981	0
0.23495202963794232	0
0.23495152955812748	1
0.23495393741376103	0
0.2349535055722037	0
0.23495354803450788	1
0.23495227924455914	1
0.23494893670334177	0
0.23494911187988995	0
0.23495146223036859	0
0.23495047292484203	1
0.23495368352569945	0
0.23494975991178127	1
0.23495046599731892	1
0.23494354012733062	1
0.23495041098801778	0
0.23494951032866773	0
0.23494998341958342	0
0.23494905758233864	0
0.23495544037896046	1
0.2349516145120914	1
0.2349511429326586	0
0.23495230614719387	1
0.2349507670846054	0
0.23495181151104963	1
0.23495242140080025	0
0.23495174755610437	1
0.23497612922950475	1
0.23495134684390737	0
0.23494943636643045	0
0.23495186518559238	0
0.23495190048930897	0
0.2349501805022756	0
0.2349555627310164	1
0.23495321033921635	1
0.23495170695268625	0
0.2349540560088719	1
0.23495099602388922	1
0.2349505684091502	0
0.23495166227180964	0
0.23495219949448715	0
0.23494911138111932	0
0.23495245924363642	0
0.2349521927747367	0
0.23495516316948892	0
0.23495233249216532	0
0.23495059805645743	0
0.23495200721795	0
0.23495048501439128	0
0.23495800653489476	0
0.23495229909717671	1
0.23495361291458194	1
0.23495184449298592	0
0.2349524854015829	1
0.23495098255407237	0
0.23494847567019486	0
0.2349505391341571	0
0.2349513847996344	0
0.2349493205409528	0
0.23495098901373565	0
0.23494829272677675	0
0.23495035618399226	1
0.23494793174997536	0
0.23494913758751257	0
0.2349508402220129	0
0.2349509938688812	0
0.23495126406535743	0
0.23494884274225097	0
0.23495208697393044	0
0.23495250153238464	0
0.23495018316972674	0
0.23495076092556605	0
0.23495035069441264	0
0.23494943566343401	0
0.23494961084479532	0
0.2349521846739313	0
0.23495098006269471	0
0.23493604024417195	0
0.23493390430520522	0
0.23493663772911616	1
0.23493325209188468	0
0.23493913008043207	0
0.23493533773952027	0
0.23493597056246107	1
0.2349360018765895	0
0.23493651815400254	0
0.23493396413854253	1
0.23495435684413335	1
0.23495432438051408	1
0.234938279369434	0
0.23493602839882197	0
0.2349361952485401	1
0.23493650462315915	1
0.2349330399635199	0
0.23493512468474834	1
0.23493483922789254	0
0.23493453323893115	0
0.43790924076275256	0
0.23493434590967027	0
0.23493369371516482	1
0.23493957170254667	0
0.23493577934431686	0
0.23493730734730758	1
0.2349353989442816	0
0.2349339310531375	0
0.2349364434883286	0
0.23493680096122269	0
0.23495540800206519	0
0.23494985957647455	0
0.2349498270697541	0
0.23495032325708023	1
0.23495037223219445	0
0.23494912751285632	0
0.2349481241244697	0
0.23494999638225147	1
0.2349477557045953	0
0.23495218482735458	0
0.23495026081496923	1
0.2349492187114704	1
0.23494870902730058	1
0.234949457276972	0
0.23497535843685177	1
0.2349491293608621	1
0.2349516784740223	0
0.2349496268854912	1
0.2349484141089087	0
0.2349503771572178	0
0.23494883696544944	0
0.23495036458630775	0
0.23495087332615494	1
0.23495139389391712	1
0.2349486741822519	0
0.23495054647929137	0
0.2349527349458736	0
0.23495165363385587	1
0.2349516961780131	0
0.23495159093629575	1
0.23495092370765844	0
0.23495177148957203	0
0.23494979528419446	0
0.23495720096481057	0
0.23495073079046444	0
0.2349522285830461	1
0.2349574304067098	1
0.23495392159724734	1
0.23494174475681412	1
0.23494174115745195	0
0.23494107397313513	0
0.2349392763367077	1
0.23493967545982608	0
0.2349430549569717	1
0.23494527399000706	1
0.23494913796399639	0
0.23495204709179193	0
0.2349499828309428	0
0.23494563473930521	0
0.2349460617087947	1
0.23494583059001686	0
0.23494444756610228	0
0.2349446850371114	1
0.2349458798384531	0
0.23494670005333984	1
0.23495978300811077	1
0.23494999780864087	1
0.23494928479002167	0
0.23494941309099812	0
0.23495181390308764	1
0.23495242215149648	0
0.23495140891051994	0
0.23495573563518363	1
0.234951851511348	0
0.23495190972575364	1
0.23495019338851547	0
0.23495068661163904	0
0.23495132669571492	1
0.23495028463674175	1
0.23495001717118044	0
0.23495262659011673	0
0.2349527166607041	0
0.23495145807040663	0
0.234951783975098	0
0.23494977495931502	0
0.23495332319598347	0
0.23495274443683076	1
0.23495096772491422	0
0.2349521206558718	1
0.23495219579171747	0
0.23494860730343936	0
0.2349494252926719	0
0.2349496120352071	0
0.234949822147596	0
0.23494983800780758	0
0.23495010820858098	1
0.23495057056519128	0
0.2349476868784017	0
0.23495062876593478	1
0.2349487970819586	0
0.23494891245617155	0
0.23494790906633217	0
0.23494955101133067	1
0.23494754067837803	0
0.23495088851716533	1
0.23495076181966104	1
0.2349505030177795	0
0.2349499696740806	1
0.23495643583407716	1
0.23495147067431732	0
0.2349496050663554	0
0.23494919480848783	0
0.23494877011052182	0
0.23495136907665698	0
0.23495282593560987	0
0.23495225525367275	0
0.2349506761363922	0
0.23495231351270793	0
0.23495048183309414	0
0.2349513303379269	0
0.23495230682598223	0
0.23495186182981845	0
0.2349513469009041	1
0.23495165435623672	1
0.23495195854189405	0
0.23495128982640556	0
0.2349528048492069	0
0.23495045484946944	0
0.2349428314152302	0
0.23493931431659976	1
0.23493861129029703	1
0.2349411668883247	0
0.23493759195076863	0
0.2349393419812345	1
0.23494067759006707	0
0.23493967667495916	1
0.43792202577167827	1
0.43791863478702664	1
0.28824438632226945	0
0.43792394048912214	1
0.2349438825722086	0
0.2349418485019922	1
0.23493962517868394	0
0.23494150962312735	1
0.23495790638180067	1
0.2349299812599156	0
0.23494178147199546	1
0.23494161943043257	0
0.23495828877639688	1
0.2349556331994262	1
0.23495131634264338	0
0.2349522575088614	0
0.234950048802464	0
0.2349553480436069	1
0.23495349536665464	1
0.43791021637274413	0
0.23494920606680345	0
0.23494904594672703	0
0.23494960603419415	0
0.23495538691675594	1
0.23495581652608283	0
0.2349535079109415	1
0.23495892467985996	1
0.2349570091811559	1
0.2349572632746306	0
0.23495772534198986	0
0.234957332218783	0
0.23494378377024008	0
0.234954347462637	1
0.23495155082341343	1
0.23495412467805402	0
0.2349488124521437	0
0.23494967691660776	0
0.23494928553321853	0
0.2349485102985787	0
0.23494797473234874	0
0.2349509166372705	0
0.2349516083185891	0
0.2349498388732405	1
0.23494917647887303	0
0.234949318017213	0
0.23494995001315896	0
0.23497543142287045	1
0.23495116735994723	0
0.2349498929229766	0
0.23494966210011947	0
0.23495067884572243	1
0.2349496010875571	0
0.23494759073875984	0
0.2349489490784151	0
0.23494907738283993	0
0.23495149610476626	1
0.23495145986832988	0
0.23495106848727124	0
0.23495190881550598	0
0.23495321201811437	0
0.2349509698241739	0
0.23495300189344265	0
0.23495096356696912	1
0.2349528326261633	0
0.23495110097669417	0
0.2349509655098119	0
0.2349520404723386	1
0.23495178323183602	0
0.23495411304637887	1
0.23495319096793948	0
0.23495126560581991	0
0.23495084092192325	0
